SM:2024-02-08T08:57:59.3474321Z
LM:2024-03-01T10:16:53.6563227Z
CT:image/png
MA:604800
CL:362651
