SM:2023-11-30T21:10:32.0000000Z
LM:2024-03-04T07:40:33.0147925Z
CT:image/png
MA:604800
CL:281728
