SM:2024-02-07T13:18:22.7636286Z
LM:2024-03-01T10:16:57.3136862Z
CT:image/jpeg
MA:604800
CL:29615
