SM:2024-02-26T13:04:27.1798063Z
LM:2024-02-26T13:05:05.4749483Z
CT:image/png
MA:604800
CL:211354
