SM:2024-02-07T13:18:54.7289880Z
LM:2024-03-01T10:16:57.3147310Z
CT:image/jpeg
MA:604800
CL:109292
