SM:2023-11-30T21:10:26.0000000Z
LM:2024-03-04T07:40:33.0281332Z
CT:image/png
MA:604800
CL:211988
