SM:2023-11-30T21:10:36.0000000Z
LM:2024-03-04T07:40:32.8943907Z
CT:image/jpeg
MA:604800
CL:138885
