SM:2024-02-07T13:18:33.0059959Z
LM:2024-03-01T10:16:57.3263654Z
CT:image/jpeg
MA:604800
CL:145038
